((("auto-complete-clang-async" .
   [1 0 0 0 0 0 0 0 0 0 0 0 0 0 0 0 0 0 0 0 0 0 0 0 0])
  ("auto-complete" .
   [0 0 0 0 0 0 0 0 0 0 0 0 2])
  ("flycheck" .
   [0 0 0 1 0 0 0 0])
  ("using" .
   [0 0 0 1 0])
  ("namespace" .
   [0 0 0 0 0 0 0 0 1])
  ("std" .
   [1 0 0])
  ("n" .
   [3])
  ("include" .
   [0 0 0 0 0 0 4])
  ("i" .
   [4])
  ("cin" .
   [2 0 0])
  ("tmp" .
   [1 0 1])
  ("push_back" .
   [0 0 0 0 1 0 0 0 0])
  ("(const_reference __x)" .
   [0 0 0 0 0 0 0 0 0 0 0 0 0 0 0 0 0 0 0 0 1])
  ("sort" .
   [1 0 0 0])
  ("begin" .
   [0 0 1 0 0])
  ("()" .
   [0 3])
  ("end" .
   [0 0 1])
  ("cout" .
   [1 0 0 0])
  ("v" .
   [2])
  ("endl" .
   [1 0 0 0])
  ("rbegin" .
   [1 0 0 0 0 1])))
